35.33868 16.54459 
58.20727 87.45917 
54.02726 63.24921 
20.06281 36.31115 
80.07951 13.46279 
31.57807 88.27476 
78.56328 39.31201 
26.04727 70.13356 
89.52058 88.57303 
56.51977 58.97881 
67.98291 51.49189 
56.48398 33.60740 
76.35572 06.45651 
62.05932 40.98163 
11.18858 22.55524 
25.27939 85.20797 
86.41801 70.07546 
58.37229 10.85163 
20.80940 01.43364 
89.08138 87.39767 
35.52267 35.40681 
42.34427 68.96031 
41.77038 85.76075 
28.56378 23.36101 
60.60187 14.19896 
32.29910 94.42275 
59.34826 35.07703 
50.69082 21.53414 
74.40653 35.39493 
19.16429 57.36424 
41.32875 89.10187 
75.41634 80.70958 
26.33976 42.64613 
83.30168 13.67779 
58.29573 10.08781 
63.80622 74.38624 
36.83390 34.12003 
84.23633 51.69481 
86.15325 46.22770 